[
  {
    "objectID": "UMAP.html",
    "href": "UMAP.html",
    "title": "",
    "section": "",
    "text": "æ— ç›‘ç£å­¦ä¹ ï¼ˆUnsupervised Learningï¼‰UMAP CodeShow All CodeHide All CodeView Source\n1 UMAP\nUniform Manifold Approximation and Projection (UMAP)\nhttps://github.com/jlmelville/uwot\nhttps://github.com/tkonopka/umap\n2018å¹´McInnesæå‡ºäº†ç®—æ³•ï¼ŒUMAPï¼ˆUniform Manifold Approximation and Projection for Dimension Reductionï¼Œä¸€è‡´çš„æµå½¢é€¼è¿‘å’ŒæŠ•å½±ä»¥è¿›è¡Œé™ç»´ï¼‰ã€‚ ä¸€è‡´çš„æµå½¢è¿‘ä¼¼å’ŒæŠ•å½±ï¼ˆUMAPï¼‰æ˜¯ä¸€ç§é™ç»´æŠ€æœ¯ï¼Œç±»ä¼¼äºt-SNEï¼Œå¯ç”¨äºå¯è§†åŒ–ï¼Œä½†ä¹Ÿå¯ç”¨äºä¸€èˆ¬çš„éçº¿æ€§é™ç»´ã€‚ è¯¥ç®—æ³•åŸºäºå…³äºæ•°æ®çš„ä¸‰ä¸ªå‡è®¾ï¼š\n\næ•°æ®å‡åŒ€åˆ†å¸ƒåœ¨é»æ›¼æµå½¢ä¸Šï¼ˆRiemannian manifoldï¼‰ï¼›\né»æ›¼åº¦é‡æ˜¯å±€éƒ¨æ’å®šçš„ï¼ˆæˆ–å¯ä»¥è¿™æ ·è¿‘ä¼¼ï¼‰ï¼›\næµå½¢æ˜¯å±€éƒ¨è¿æ¥çš„ã€‚\n\nhttps://jlmelville.github.io/uwot/index.html\n\nCodelibrary(uwot)\nhead(iris)\n#&gt;   Sepal.Length Sepal.Width Petal.Length Petal.Width Species\n#&gt; 1          5.1         3.5          1.4         0.2  setosa\n#&gt; 2          4.9         3.0          1.4         0.2  setosa\n#&gt; 3          4.7         3.2          1.3         0.2  setosa\n#&gt; 4          4.6         3.1          1.5         0.2  setosa\n#&gt; 5          5.0         3.6          1.4         0.2  setosa\n#&gt; 6          5.4         3.9          1.7         0.4  setosa\ncolors = rainbow(length(unique(iris$Species)))\nnames(colors) = unique(iris$Species)\n# umap2 is a version of the umap() function with better defaults\niris_umap2 &lt;- umap2(iris[1:4]) |&gt; as_tibble()\n#&gt; Warning: The `x` argument of `as_tibble.matrix()` must have unique column names if\n#&gt; `.name_repair` is omitted as of tibble 2.0.0.\n#&gt; â„¹ Using compatibility `.name_repair`.\n\nggplot(iris_umap2,aes(V1,V2))+\n    geom_text(aes(label=iris$Species),color=colors[iris$Species])\n\n\n\n\n\n\n\n\nCode# but you can still use the umap function (which most of the existing \n# documentation does)\niris_umap &lt;- umap(iris[1:4]) |&gt; as_tibble()\n\nggplot(iris_umap,aes(V1,V2))+\n    geom_text(aes(label=iris$Species),color=colors[iris$Species])\n\n\n\n\n\n\n\n\nCodelibrary(uwot)\n\nset.seed(42) # ä¸ºäº†ç»“æœå¯é‡å¤\nuwot_result &lt;- umap(iris[1:4])\n\n# å°†ç»“æœè½¬æ¢ä¸ºæ•°æ®æ¡†\nuwot_df &lt;- as.data.frame(uwot_result)\ncolnames(uwot_df) &lt;- c(\"UMAP1\", \"UMAP2\")\nuwot_df$Species &lt;- iris$Species\n\n# å¯è§†åŒ–\nggplot(uwot_df, aes(x = UMAP1, y = UMAP2, color = Species)) +\n  geom_point(size = 2) +\n  labs(title = \"UMAP of Iris Dataset (uwot)\",\n       x = \"UMAP Dimension 1\",\n       y = \"UMAP Dimension 2\") +\n  theme_minimal()\n\n\n\n\n\n\n\n\n\n\n\n Back to top",
    "crumbs": [
      "é¢„æµ‹æ€§æ¨¡å‹",
      "æ— ç›‘ç£å­¦ä¹ ï¼ˆUnsupervised Learningï¼‰",
      "UMAP"
    ]
  },
  {
    "objectID": "t-SNE.html",
    "href": "t-SNE.html",
    "title": "",
    "section": "",
    "text": "æ— ç›‘ç£å­¦ä¹ ï¼ˆUnsupervised Learningï¼‰t-SNE CodeShow All CodeHide All CodeView Source\n1 t-SNE\nt-Distributed Stochastic Neighbor Embedding (t-SNE)æ˜¯ä¸€ç§é™ç»´æŠ€æœ¯ï¼Œç”¨äºåœ¨äºŒç»´æˆ–ä¸‰ç»´çš„ä½ç»´ç©ºé—´ä¸­è¡¨ç¤ºé«˜ç»´æ•°æ®é›†ï¼Œä»è€Œä½¿å…¶å¯è§†åŒ–ã€‚ä¸å…¶ä»–é™ç»´ç®—æ³•(å¦‚PCA)ç›¸æ¯”ï¼Œt-SNEåˆ›å»ºäº†ä¸€ä¸ªç¼©å°çš„ç‰¹å¾ç©ºé—´ï¼Œç›¸ä¼¼çš„æ ·æœ¬ç”±é™„è¿‘çš„ç‚¹å»ºæ¨¡ï¼Œä¸ç›¸ä¼¼çš„æ ·æœ¬ç”±é«˜æ¦‚ç‡çš„è¿œç‚¹å»ºæ¨¡ã€‚\nt-Distributed Stochastic Neighbor Embedding (t-SNE)\n\nCodelibrary(tsne)\n\nhead(iris)\n#&gt;   Sepal.Length Sepal.Width Petal.Length Petal.Width Species\n#&gt; 1          5.1         3.5          1.4         0.2  setosa\n#&gt; 2          4.9         3.0          1.4         0.2  setosa\n#&gt; 3          4.7         3.2          1.3         0.2  setosa\n#&gt; 4          4.6         3.1          1.5         0.2  setosa\n#&gt; 5          5.0         3.6          1.4         0.2  setosa\n#&gt; 6          5.4         3.9          1.7         0.4  setosa\n\ncolors = rainbow(length(unique(iris$Species)))\nnames(colors) = unique(iris$Species)\necb = function(x, y) {\n    plot(x, t = 'n')\n    text(x, labels = iris$Species, col = colors[iris$Species])\n}\ntsne_iris = tsne(iris[,1:4], epoch_callback = ecb, perplexity=50)\n#&gt; sigma summary: Min. : 0.565012665854053 |1st Qu. : 0.681985646004023 |Median : 0.713004330336136 |Mean : 0.716213420895748 |3rd Qu. : 0.74581655363904 |Max. : 0.874979764925049 |\n#&gt; Epoch: Iteration #100 error is: 12.0521968962333\n#&gt; Epoch: Iteration #200 error is: 0.278293775495887\n\n\n\n\n\n\n#&gt; Epoch: Iteration #300 error is: 0.277972566238466\n\n\n\n\n\n\n#&gt; Epoch: Iteration #400 error is: 0.277972360425316\n\n\n\n\n\n\n#&gt; Epoch: Iteration #500 error is: 0.277972360400364\n\n\n\n\n\n\n#&gt; Epoch: Iteration #600 error is: 0.277972360400287\n\n\n\n\n\n\n#&gt; Epoch: Iteration #700 error is: 0.277972360400287\n\n\n\n\n\n\n#&gt; Epoch: Iteration #800 error is: 0.277972360400287\n\n\n\n\n\n\n#&gt; Epoch: Iteration #900 error is: 0.277972360400287\n\n\n\n\n\n\n#&gt; Epoch: Iteration #1000 error is: 0.277972360400287\n\n\n\n\n\n\n\n\n\n\n\n\nCode\n# compare to PCA\ndev.new()\npca_iris = princomp(iris[,1:4])$scores[,1:2]\nplot(pca_iris, t='n')\ntext(pca_iris, labels=iris$Species,col=colors[iris$Species])\n\n\n\n\n\n\n Back to top",
    "crumbs": [
      "é¢„æµ‹æ€§æ¨¡å‹",
      "æ— ç›‘ç£å­¦ä¹ ï¼ˆUnsupervised Learningï¼‰",
      "t-SNE"
    ]
  },
  {
    "objectID": "Regression.html",
    "href": "Regression.html",
    "title": "",
    "section": "",
    "text": "ç›‘ç£å­¦ä¹ ï¼ˆSupervised Learningï¼‰å›å½’ Code\n\n\n\n\n\n1 å›å½’\nç”¨äºé¢„æµ‹è¿ç»­å‹æ•°å€¼ã€‚\n\nçº¿æ€§å›å½’ï¼ˆLinear Regressionï¼‰ï¼šé¢„æµ‹å› å˜é‡ä¸ä¸€ä¸ªæˆ–å¤šä¸ªè‡ªå˜é‡ä¹‹é—´çš„çº¿æ€§å…³ç³»ã€‚\nå²­å›å½’ï¼ˆRidge Regressionï¼‰ï¼šçº¿æ€§å›å½’çš„æ­£åˆ™åŒ–ç‰ˆæœ¬ï¼Œå‡å°‘è¿‡æ‹Ÿåˆã€‚\nLassoå›å½’ï¼ˆLasso Regressionï¼‰ï¼šå¦ä¸€ç§æ­£åˆ™åŒ–çš„çº¿æ€§å›å½’ï¼Œé€šè¿‡L1æ­£åˆ™åŒ–è¿›è¡Œç‰¹å¾é€‰æ‹©ã€‚\n\n\n\n\n\n\n\n Back to top",
    "crumbs": [
      "é¢„æµ‹æ€§æ¨¡å‹",
      "ç›‘ç£å­¦ä¹ ï¼ˆSupervised Learningï¼‰",
      "å›å½’"
    ]
  },
  {
    "objectID": "PCA.html",
    "href": "PCA.html",
    "title": "",
    "section": "",
    "text": "æ— ç›‘ç£å­¦ä¹ ï¼ˆUnsupervised Learningï¼‰ä¸»æˆåˆ†åˆ†æ CodeShow All CodeHide All CodeView Source",
    "crumbs": [
      "é¢„æµ‹æ€§æ¨¡å‹",
      "æ— ç›‘ç£å­¦ä¹ ï¼ˆUnsupervised Learningï¼‰",
      "ä¸»æˆåˆ†åˆ†æ"
    ]
  },
  {
    "objectID": "PCA.html#è‡ªå®šä¹‰-pca-æ­¥éª¤",
    "href": "PCA.html#è‡ªå®šä¹‰-pca-æ­¥éª¤",
    "title": "",
    "section": "\n1.1 è‡ªå®šä¹‰ PCA æ­¥éª¤",
    "text": "1.1 è‡ªå®šä¹‰ PCA æ­¥éª¤\n\n1.1.1 æ•°æ®æ ‡å‡†åŒ–\nRä¸­æ•°æ®æ¡† nä¸ªè§‚æµ‹ï¼Œpä¸ªå˜é‡\n\\[\nX=\n\\begin{bmatrix}\n  x_{11}& x_{12} & ... & x_{1p}\\\\\nx_{21} & x_{22} & ... & x_{2p}\\\\\n\\vdots  &  \\vdots &   & \\vdots \\\\\n  x_{n1}& x_{n2} & ... & x_{np}\n\\end{bmatrix}\n=(X_1,X_2,...X_p)\n\\]\nå¯¹åŸå§‹æ•°æ®çŸ©é˜µæ ‡å‡†åŒ–ï¼Œæ¶ˆé™¤é‡çº²å’Œæ•°é‡çº§çš„å½±å“ã€‚\næ•°æ®æ ‡å‡†åŒ–ç¡®ä¿å˜é‡åœ¨ç›¸åŒçš„å°ºåº¦ä¸Šï¼Œè¿™å¯¹äºPCAéå¸¸é‡è¦ã€‚\nä½¿ç”¨Rè¯­è¨€å†…ç½®çš„ USArrests æ•°æ®é›†ï¼š\n\nCodedf &lt;- as_tibble(USArrests, rownames = \"state\") |&gt; column_to_rownames(\"state\")\nhead(df)\n#&gt;            Murder Assault UrbanPop Rape\n#&gt; Alabama      13.2     236       58 21.2\n#&gt; Alaska       10.0     263       48 44.5\n#&gt; Arizona       8.1     294       80 31.0\n#&gt; Arkansas      8.8     190       50 19.5\n#&gt; California    9.0     276       91 40.6\n#&gt; Colorado      7.9     204       78 38.7\n\ndf_center &lt;- scale(df,center = T,scale = T)\n\n\n\n1.1.2 è®¡ç®—åæ–¹å·®çŸ©é˜µ\nå½“\\(\\Sigma\\) æœªçŸ¥æ—¶ï¼Œå…¶ç”¨å…¶ä¼°è®¡å€¼æ ·æœ¬åæ–¹å·®çŸ©é˜µSpÃ—p ä»£æ›¿\n\\[\nS=\\frac{AA^T}{n-1}\n\\]\n\n\n\\(A_{ pÃ—n}\\) æ˜¾ç¤ºæ¥è‡ªæ¯ä¸ªå˜é‡å€¼ä¸å…¶å‡å€¼çš„åå·® \\(X_i-\\bar X\\)ï¼›\n\n\\((AA^T)_{ii}\\) æ˜¾ç¤ºåå·®å¹³æ–¹å’Œ ï¼ˆæ ·æœ¬æ–¹å·® \\(s_i^2\\) ï¼‰ï¼›\n\n\\((AA^T)_{ij}ï¼Œi\\ne j\\) æ˜¾ç¤ºæ ·æœ¬åæ–¹å·® \\(s_{ij} = (A çš„è¡Œ i) Â· (A çš„è¡Œ j)\\)ã€‚\n\n\nCode# æ‰‹åŠ¨è®¡ç®—åæ–¹å·®çŸ©é˜µ\nA &lt;- as.matrix(t((df_center)))\nAA_T &lt;- A %*% t(A)\nS &lt;- AA_T / (nrow(df_center) - 1)\nS\n#&gt;              Murder   Assault   UrbanPop      Rape\n#&gt; Murder   1.00000000 0.8018733 0.06957262 0.5635788\n#&gt; Assault  0.80187331 1.0000000 0.25887170 0.6652412\n#&gt; UrbanPop 0.06957262 0.2588717 1.00000000 0.4113412\n#&gt; Rape     0.56357883 0.6652412 0.41134124 1.0000000\n# å†…ç½®åæ–¹å·®çŸ©é˜µå‡½æ•°\ncov(df_center)\n#&gt;              Murder   Assault   UrbanPop      Rape\n#&gt; Murder   1.00000000 0.8018733 0.06957262 0.5635788\n#&gt; Assault  0.80187331 1.0000000 0.25887170 0.6652412\n#&gt; UrbanPop 0.06957262 0.2588717 1.00000000 0.4113412\n#&gt; Rape     0.56357883 0.6652412 0.41134124 1.0000000\n\n\n\n1.1.3 è®¡ç®—ç›¸å…³ç³»æ•°çŸ©é˜µ\nç›¸å…³ç³»æ•°çŸ©é˜µ \\(R=(r_{ij})\\) çš„å…¬å¼ä¸ºï¼š\n\\[\nr_{ij}=\\frac {S_{ij}}{\\sqrt{S_{ii}Ã—S_{jj}}}\n\\]\n\nCode# å®šä¹‰è‡ªå®šä¹‰å‡½æ•°è®¡ç®—ç›¸å…³ç³»æ•°çŸ©é˜µ\nr &lt;- function(df){\n    df &lt;- as.data.frame(df)\n    n=length(df)\n    names &lt;- colnames(df)\n    df &lt;- scale(df)\n    S &lt;- cov(df)\n    r &lt;- matrix(data = NA,n,n,dimnames = list(names,names))\n    for(i in 1:n){\n        for(j in 1:n){\n            r[i,j]=S[i,j]/sqrt(S[i,i]*S[j,j])\n        }\n    }\n    return(r)\n}\nr(df)\n#&gt;              Murder   Assault   UrbanPop      Rape\n#&gt; Murder   1.00000000 0.8018733 0.06957262 0.5635788\n#&gt; Assault  0.80187331 1.0000000 0.25887170 0.6652412\n#&gt; UrbanPop 0.06957262 0.2588717 1.00000000 0.4113412\n#&gt; Rape     0.56357883 0.6652412 0.41134124 1.0000000\n\n# ä½¿ç”¨å†…ç½®çš„ç›¸å…³ç³»æ•°çŸ©é˜µå‡½æ•°\ncor(df_center)\n#&gt;              Murder   Assault   UrbanPop      Rape\n#&gt; Murder   1.00000000 0.8018733 0.06957262 0.5635788\n#&gt; Assault  0.80187331 1.0000000 0.25887170 0.6652412\n#&gt; UrbanPop 0.06957262 0.2588717 1.00000000 0.4113412\n#&gt; Rape     0.56357883 0.6652412 0.41134124 1.0000000\n\n\n\n1.1.4 æ€»æ–¹å·®\næ€»æ–¹å·®T=æ‰€æœ‰ç‰¹å¾å€¼çš„æ€»å’Œ=æ ·æœ¬æ–¹å·®çš„æ€»å’Œ=åæ–¹å·®çŸ©é˜µçš„è¿¹(å¯¹è§’çº¿çš„æ€»å’Œ)\nsum(eigen(AA_T)$values)=sum(diag(AA_T))= sum(svd$d^2)\n\nCode# AA^Tçš„ç‰¹å¾å€¼\ny &lt;- eigen(AA_T)\ny$values\n#&gt; [1] 121.531837  48.498492  17.471596   8.498074\ny$vectors\n#&gt;            [,1]       [,2]       [,3]        [,4]\n#&gt; [1,] -0.5358995  0.4181809 -0.3412327  0.64922780\n#&gt; [2,] -0.5831836  0.1879856 -0.2681484 -0.74340748\n#&gt; [3,] -0.2781909 -0.8728062 -0.3780158  0.13387773\n#&gt; [4,] -0.5434321 -0.1673186  0.8177779  0.08902432\n\n# ç‰¹å¾å€¼çš„å’Œ\nsum(y$values)\n#&gt; [1] 196\n\n# è¿¹\nsum(diag(AA_T))\n#&gt; [1] 196\n\n\n\n1.1.5 å¥‡å¼‚å€¼åˆ†è§£ä¸ä¸»æˆåˆ†æ¨å¯¼\nSVDå…¬å¼ï¼š\n\\[\nA_{pÃ—n}=U\\Sigma V^T\n\\]\nA æ˜¯ä¸­å¿ƒåŒ–åçš„æ•°æ®çŸ©é˜µï¼Œ U æ˜¯å·¦å¥‡å¼‚çŸ©é˜µï¼Œ \\(\\Sigma\\) æ˜¯å¥‡å¼‚å€¼å¯¹è§’çŸ©é˜µï¼Œ V æ˜¯å³å¥‡å¼‚çŸ©é˜µï¼ˆï¼ˆä¹Ÿæ˜¯ä¸»æˆåˆ†æ–¹å‘ï¼‰ï¼‰\nä¸»æˆåˆ†æ¨å¯¼ï¼š\n\\[ PC=A\\cdot V=U \\Sigma  \\]\nåœ¨è¿™ä¸ªå…¬å¼ä¸­ï¼š\n\n\\(U\\) æ˜¯åŒ…å«å·¦å¥‡å¼‚å‘é‡çš„çŸ©é˜µï¼Œè¡¨ç¤ºæ ·æœ¬åœ¨æ–°åæ ‡ç³»ä¸­çš„åæ ‡ã€‚\n\\(\\Sigma\\) æ˜¯åŒ…å«å¥‡å¼‚å€¼çš„å¯¹è§’çŸ©é˜µï¼Œè¿™äº›å¥‡å¼‚å€¼ä¸ç‰¹å¾å€¼ç›¸å…³ï¼Œè¡¨ç¤ºæ¯ä¸ªä¸»æˆåˆ†çš„æ–¹å·®å¤§å°ã€‚\n\n\nCode\n# è¿›è¡Œå¥‡å¼‚å€¼åˆ†è§£\n\nsvd &lt;- svd(df_center)\nsvd$d\n#&gt; [1] 11.024148  6.964086  4.179904  2.915146\nsvd$u\n#&gt;               [,1]        [,2]         [,3]          [,4]\n#&gt;  [1,] -0.088502119 -0.16111249  0.105218608  0.0530665011\n#&gt;  [2,] -0.175119011 -0.15255799 -0.483145153 -0.1489378244\n#&gt;  [3,] -0.158329049  0.10603826 -0.012974042 -0.2834384049\n#&gt;  [4,]  0.012699298 -0.15917987 -0.027135114 -0.0620804497\n#&gt;  [5,] -0.226649068  0.21932910 -0.141759482 -0.1161380178\n#&gt;  [6,] -0.136005136  0.14038162 -0.259336498  0.0004974586\n#&gt;  [7,]  0.122004202  0.15479183  0.152346210 -0.0402308322\n#&gt;  [8,] -0.004284214  0.04624999  0.170197773 -0.2995093258\n#&gt;  [9,] -0.270566006 -0.00557636  0.136613685 -0.0326971796\n#&gt; [10,] -0.147204794 -0.18180252  0.081106695  0.3656676469\n#&gt; [11,]  0.081955040  0.22324195 -0.012026954  0.3065826885\n#&gt; [12,]  0.147251202 -0.02998994 -0.061530174 -0.1694899353\n#&gt; [13,] -0.123823808  0.09692418  0.160455000 -0.0414370084\n#&gt; [14,]  0.045389560  0.02154472 -0.054011475  0.1442115222\n#&gt; [15,]  0.202373535  0.01479136 -0.038974667  0.0059617844\n#&gt; [16,]  0.071558552  0.03840409 -0.006051930  0.0701237800\n#&gt; [17,]  0.067425851 -0.13624293  0.006718884  0.2277132300\n#&gt; [18,] -0.140517959 -0.12382100  0.185555941  0.1544203417\n#&gt; [19,]  0.215231159 -0.05350432  0.015555919 -0.1122203023\n#&gt; [20,] -0.158347534 -0.06079147  0.037242408 -0.1898534932\n#&gt; [21,]  0.043656895  0.20960067  0.144350623 -0.0609897144\n#&gt; [22,] -0.189334383  0.02208976 -0.091150533  0.0347643443\n#&gt; [23,]  0.151999911  0.08987636 -0.036252509  0.0228600295\n#&gt; [24,] -0.089483486 -0.34027971  0.175449706  0.0731840095\n#&gt; [25,] -0.062570302  0.03743606 -0.089392087  0.0766873549\n#&gt; [26,]  0.106451539 -0.07631705 -0.058472149  0.0420214180\n#&gt; [27,]  0.113651981  0.02757065 -0.041582129  0.0053970395\n#&gt; [28,] -0.258115678  0.11025209 -0.275529769  0.1068057898\n#&gt; [29,]  0.214071497  0.00257041 -0.008728664 -0.0112530536\n#&gt; [30,] -0.016304324  0.20604821  0.181049718  0.0826499280\n#&gt; [31,] -0.177802722 -0.02030605 -0.043504824 -0.1153016522\n#&gt; [32,] -0.151092550  0.11701618  0.152302994 -0.0045791345\n#&gt; [33,] -0.100877464 -0.31671218  0.204524432 -0.3240968906\n#&gt; [34,]  0.268696706 -0.08516514 -0.071353148 -0.0862511360\n#&gt; [35,]  0.020291306  0.10550966  0.007374849  0.1609363198\n#&gt; [36,]  0.027997563  0.04091867  0.003625902  0.0035087357\n#&gt; [37,] -0.005309061  0.07696200 -0.222585787 -0.0807475502\n#&gt; [38,]  0.079778211  0.08118230  0.094883089  0.1219329726\n#&gt; [39,]  0.077565243  0.21208574  0.324451737 -0.2083610270\n#&gt; [40,] -0.118598723 -0.27483477  0.071178009 -0.0446445538\n#&gt; [41,]  0.178498756 -0.11703880 -0.092198470 -0.0372092940\n#&gt; [42,] -0.089775081 -0.12228530 -0.044544714  0.2217051038\n#&gt; [43,] -0.121689077  0.05863443  0.116539361  0.2184216921\n#&gt; [44,]  0.049439812  0.20917537 -0.069565218 -0.0279528910\n#&gt; [45,]  0.251561949 -0.19933619 -0.199240942 -0.0492029259\n#&gt; [46,]  0.008650709 -0.02839251 -0.002773945  0.0717790646\n#&gt; [47,]  0.019477550  0.13790380 -0.147991604 -0.0749973365\n#&gt; [48,]  0.189347337 -0.20254292 -0.024814359  0.0447947015\n#&gt; [49,]  0.186754750  0.08689225  0.032888157  0.0625194853\n#&gt; [50,]  0.056521430 -0.04563221  0.056996643 -0.0565930091\nsvd$v\n#&gt;            [,1]       [,2]       [,3]        [,4]\n#&gt; [1,] -0.5358995 -0.4181809  0.3412327  0.64922780\n#&gt; [2,] -0.5831836 -0.1879856  0.2681484 -0.74340748\n#&gt; [3,] -0.2781909  0.8728062  0.3780158  0.13387773\n#&gt; [4,] -0.5434321  0.1673186 -0.8177779  0.08902432\n# å¥‡å¼‚å€¼çš„å¹³æ–¹å’Œ\nsum(svd$d^2)\n#&gt; [1] 196\n\n# å¥‡å¼‚å€¼çš„å¯¹è§’çŸ©é˜µ\nD &lt;- diag(svd$d)\n\n#  df_center  X = U D V'\nX &lt;- svd$u %*% D %*% t(svd$v) \n\n#  D = U' X V\nt(svd$u) %*% X %*% svd$v\n#&gt;               [,1]         [,2]          [,3]          [,4]\n#&gt; [1,]  1.102415e+01 1.110223e-15  8.881784e-16  3.219647e-15\n#&gt; [2,]  2.220446e-16 6.964086e+00  6.661338e-16  1.318390e-15\n#&gt; [3,] -2.220446e-16 4.440892e-16  4.179904e+00 -8.881784e-16\n#&gt; [4,] -4.440892e-16 1.436351e-15 -9.436896e-16  2.915146e+00\n\n\n\n1.1.6 ç»“æœè§£é‡Š\n\n1.1.6.1 ä¸»æˆåˆ†è·è½½ç³»æ•°\n\nCode# ä¸»æˆåˆ†è·è½½ç³»æ•°\nsvd$v\n#&gt;            [,1]       [,2]       [,3]        [,4]\n#&gt; [1,] -0.5358995 -0.4181809  0.3412327  0.64922780\n#&gt; [2,] -0.5831836 -0.1879856  0.2681484 -0.74340748\n#&gt; [3,] -0.2781909  0.8728062  0.3780158  0.13387773\n#&gt; [4,] -0.5434321  0.1673186 -0.8177779  0.08902432\n\n\nåœ¨PCAä¸­ï¼Œå³å¥‡å¼‚å‘é‡çŸ©é˜µğ‘‰ çš„åˆ—å‘é‡ä»£è¡¨æ•°æ®åœ¨æ–°çš„æ­£äº¤åŸºä¸Šçš„æ–¹å‘ï¼Œè¿™äº›åŸºæ˜¯æŒ‰æ•°æ®ä¸­æ–¹å·®æœ€å¤§åŒ–çš„æ–¹å‘æ’åˆ—çš„ã€‚æ¯ä¸ªå‘é‡å°±æ˜¯ä¸€ä¸ªä¸»æˆåˆ†æ–¹å‘ã€‚å…·ä½“æ¥è¯´ï¼ŒçŸ©é˜µ svd$v ä¸­çš„æ¯ä¸€åˆ—éƒ½æ˜¯ä¸€ä¸ªä¸»æˆåˆ†ï¼Œ ä¸”è¿™äº›åˆ—å‘é‡å¯ä»¥çœ‹ä½œæ˜¯åŸå§‹å˜é‡åœ¨æ–°ä¸»æˆåˆ†ç©ºé—´ä¸­çš„çº¿æ€§ç»„åˆç³»æ•°ã€‚\nå› æ­¤ï¼Œsvd$v ä¸­çš„å…ƒç´ è¡¨ç¤ºçš„æ˜¯æ¯ä¸ªåŸå§‹å˜é‡åœ¨å¯¹åº”ä¸»æˆåˆ†ä¸Šçš„è´¡çŒ®ï¼Œå³ä¸»æˆåˆ†è·è½½ç³»æ•°ï¼ˆloadingsï¼‰ã€‚\nä¾‹å¦‚ï¼Œå¦‚æœ V çš„ç¬¬j ä¸ªåˆ—å‘é‡ä¸º \\([v_{1j},v_{2j},...,v_{pj}]\\) ï¼Œè¿™æ„å‘³ç€ç¬¬j ä¸ªä¸»æˆåˆ†å¯ä»¥è¡¨ç¤ºä¸ºåŸå§‹å˜é‡çš„çº¿æ€§ç»„åˆï¼š\n\\[\nPC_j=v_{1j}\\cdot x_1+v_{2j}\\cdot x_2+...+v_{pj}\\cdot x_p\n\\]\nå…¶ä¸­ï¼Œ \\(x_1,x_2,...,x_p\\) æ˜¯åŸå§‹å˜é‡ï¼Œ \\(v_{1j},v_{2j},...,v_{pj}\\) æ˜¯å®ƒä»¬åœ¨ç¬¬j ä¸ªä¸»æˆåˆ†ä¸Šçš„è·è½½ç³»æ•°ã€‚\n\n1.1.6.2 ä¸»æˆåˆ†å¾—åˆ†\nä¸»æˆåˆ†å¾—åˆ† (principal component scores) ä»£è¡¨äº†åŸå§‹æ•°æ®åœ¨æ–°ä¸»æˆåˆ†è½´ä¸Šçš„åæ ‡ã€‚\nå…·ä½“æ¥è¯´ï¼Œä¸»æˆåˆ†å¾—åˆ†å¯ä»¥è¡¨ç¤ºä¸ºï¼š\n\\[\nScores = U\\Sigma\n\\]\n\nCode# å¾—åˆ†\nsvd$u %*% D\n#&gt;              [,1]        [,2]        [,3]         [,4]\n#&gt;  [1,] -0.97566045 -1.12200121  0.43980366  0.154696581\n#&gt;  [2,] -1.93053788 -1.06242692 -2.01950027 -0.434175454\n#&gt;  [3,] -1.74544285  0.73845954 -0.05423025 -0.826264240\n#&gt;  [4,]  0.13999894 -1.10854226 -0.11342217 -0.180973554\n#&gt;  [5,] -2.49861285  1.52742672 -0.59254100 -0.338559240\n#&gt;  [6,] -1.49934074  0.97762966 -1.08400162  0.001450164\n#&gt;  [7,]  1.34499236  1.07798362  0.63679250 -0.117278736\n#&gt;  [8,] -0.04722981  0.32208890  0.71141032 -0.873113315\n#&gt;  [9,] -2.98275967 -0.03883425  0.57103206 -0.095317042\n#&gt; [10,] -1.62280742 -1.26608838  0.33901818  1.065974459\n#&gt; [11,]  0.90348448  1.55467609 -0.05027151  0.893733198\n#&gt; [12,]  1.62331903 -0.20885253 -0.25719021 -0.494087852\n#&gt; [13,] -1.36505197  0.67498834  0.67068647 -0.120794916\n#&gt; [14,]  0.50038122  0.15003926 -0.22576277  0.420397595\n#&gt; [15,]  2.23099579  0.10300828 -0.16291036  0.017379470\n#&gt; [16,]  0.78887206  0.26744941 -0.02529648  0.204421034\n#&gt; [17,]  0.74331256 -0.94880748  0.02808429  0.663817237\n#&gt; [18,] -1.54909076 -0.86230011  0.77560598  0.450157791\n#&gt; [19,]  2.37274014 -0.37260865  0.06502225 -0.327138529\n#&gt; [20,] -1.74564663 -0.42335704  0.15566968 -0.553450589\n#&gt; [21,]  0.48128007  1.45967706  0.60337172 -0.177793902\n#&gt; [22,] -2.08725025  0.15383500 -0.38100046  0.101343128\n#&gt; [23,]  1.67566951  0.62590670 -0.15153200  0.066640316\n#&gt; [24,] -0.98647919 -2.36973712  0.73336290  0.213342049\n#&gt; [25,] -0.68978426  0.26070794 -0.37365033  0.223554811\n#&gt; [26,]  1.17353751 -0.53147851 -0.24440796  0.122498555\n#&gt; [27,]  1.25291625  0.19200440 -0.17380930  0.015733156\n#&gt; [28,] -2.84550542  0.76780502 -1.15168793  0.311354436\n#&gt; [29,]  2.35995585  0.01790055 -0.03648498 -0.032804291\n#&gt; [30,] -0.17974128  1.43493745  0.75677041  0.240936580\n#&gt; [31,] -1.96012351 -0.14141308 -0.18184598 -0.336121113\n#&gt; [32,] -1.66566662  0.81491072  0.63661186 -0.013348844\n#&gt; [33,] -1.11208808 -2.20561081  0.85489245 -0.944789648\n#&gt; [34,]  2.96215223 -0.59309738 -0.29824930 -0.251434626\n#&gt; [35,]  0.22369436  0.73477837  0.03082616  0.469152817\n#&gt; [36,]  0.30864928  0.28496113  0.01515592  0.010228476\n#&gt; [37,] -0.05852787  0.53596999 -0.93038718 -0.235390872\n#&gt; [38,]  0.87948680  0.56536050  0.39660218  0.355452378\n#&gt; [39,]  0.85509072  1.47698328  1.35617705 -0.607402746\n#&gt; [40,] -1.30744986 -1.91397297  0.29751723 -0.130145378\n#&gt; [41,]  1.96779669 -0.81506822 -0.38538073 -0.108470512\n#&gt; [42,] -0.98969377 -0.85160534 -0.18619262  0.646302674\n#&gt; [43,] -1.34151838  0.40833518  0.48712332  0.636731051\n#&gt; [44,]  0.54503180  1.45671524 -0.29077592 -0.081486749\n#&gt; [45,]  2.77325613 -1.38819435 -0.83280797 -0.143433697\n#&gt; [46,]  0.09536670 -0.19772785 -0.01159482  0.209246429\n#&gt; [47,]  0.21472339  0.96037394 -0.61859067 -0.218628161\n#&gt; [48,]  2.08739306 -1.41052627 -0.10372163  0.130583080\n#&gt; [49,]  2.05881199  0.60512507  0.13746933  0.182253407\n#&gt; [50,]  0.62310061 -0.31778662  0.23824049 -0.164976866\n\n\n\n1.1.6.3 ä¸»æˆåˆ†æ ‡å‡†å·®\n\n\\[\nStandard \\ Deviation \\ of \\ PC_i =\\frac{\\sigma_i}{\\sqrt{n-1}}\n\\]\nå…¶ä¸­ï¼Œn æ˜¯æ ·æœ¬é‡ï¼ŒÏƒ æ˜¯å¥‡å¼‚å€¼ã€‚\n\nCodesvd$d /sqrt(nrow(df_center)-1)\n#&gt; [1] 1.5748783 0.9948694 0.5971291 0.4164494\n\n\n\n1.1.6.4 æ–¹å·®è´¡çŒ®ç™¾åˆ†æ¯”\nåœ¨ä¸»æˆåˆ†åˆ†æ (PCA) ä¸­ï¼Œæ–¹å·®è´¡çŒ®ç™¾åˆ†æ¯”ï¼ˆvariance explained ratioï¼‰æ˜¯ç”¨æ¥è¡¡é‡æ¯ä¸ªä¸»æˆåˆ†è§£é‡Šäº†æ•°æ®æ€»æ–¹å·®çš„æ¯”ä¾‹ã€‚è¿™ä¸ªæ¯”ä¾‹å¯ä»¥é€šè¿‡å¥‡å¼‚å€¼åˆ†è§£ (SVD) çš„å¥‡å¼‚å€¼æ¥è®¡ç®—ã€‚\nå…·ä½“æ¥è¯´ï¼Œæ–¹å·®è´¡çŒ®ç™¾åˆ†æ¯”çš„è®¡ç®—è¿‡ç¨‹å¦‚ä¸‹ï¼š\n\nè®¡ç®—æ¯ä¸ªä¸»æˆåˆ†çš„æ–¹å·®ã€‚å¥‡å¼‚å€¼çš„å¹³æ–¹ \\(\\sigma_i^2\\) è¡¨ç¤ºä¸»æˆåˆ† \\(ğ‘–\\)çš„æ–¹å·®ã€‚\nè®¡ç®—æ€»æ–¹å·®ï¼Œå³æ‰€æœ‰å¥‡å¼‚å€¼çš„å¹³æ–¹å’Œã€‚\næ¯ä¸ªä¸»æˆåˆ†çš„æ–¹å·®è´¡çŒ®ç™¾åˆ†æ¯”å¯ä»¥é€šè¿‡å°†æ¯ä¸ªå¥‡å¼‚å€¼çš„å¹³æ–¹é™¤ä»¥æ€»æ–¹å·®æ¥è®¡ç®—ã€‚\n\n\nCode# æ–¹å·®è´¡çŒ®ç™¾åˆ†æ¯”\npct &lt;- svd$d^2/sum(svd$d^2)\npct\n#&gt; [1] 0.62006039 0.24744129 0.08914080 0.04335752\n\n# ç´¯è®¡æ–¹å·®è´¡çŒ®ç™¾åˆ†æ¯”\ncumsum(pct)\n#&gt; [1] 0.6200604 0.8675017 0.9566425 1.0000000",
    "crumbs": [
      "é¢„æµ‹æ€§æ¨¡å‹",
      "æ— ç›‘ç£å­¦ä¹ ï¼ˆUnsupervised Learningï¼‰",
      "ä¸»æˆåˆ†åˆ†æ"
    ]
  },
  {
    "objectID": "PCA.html#å†…ç½®pca",
    "href": "PCA.html#å†…ç½®pca",
    "title": "",
    "section": "\n1.2 å†…ç½®PCA",
    "text": "1.2 å†…ç½®PCA\n\nCodepca &lt;- prcomp(df_center)\npca\n#&gt; Standard deviations (1, .., p=4):\n#&gt; [1] 1.5748783 0.9948694 0.5971291 0.4164494\n#&gt; \n#&gt; Rotation (n x k) = (4 x 4):\n#&gt;                 PC1        PC2        PC3         PC4\n#&gt; Murder   -0.5358995 -0.4181809  0.3412327  0.64922780\n#&gt; Assault  -0.5831836 -0.1879856  0.2681484 -0.74340748\n#&gt; UrbanPop -0.2781909  0.8728062  0.3780158  0.13387773\n#&gt; Rape     -0.5434321  0.1673186 -0.8177779  0.08902432\nsummary(pca)\n#&gt; Importance of components:\n#&gt;                           PC1    PC2     PC3     PC4\n#&gt; Standard deviation     1.5749 0.9949 0.59713 0.41645\n#&gt; Proportion of Variance 0.6201 0.2474 0.08914 0.04336\n#&gt; Cumulative Proportion  0.6201 0.8675 0.95664 1.00000",
    "crumbs": [
      "é¢„æµ‹æ€§æ¨¡å‹",
      "æ— ç›‘ç£å­¦ä¹ ï¼ˆUnsupervised Learningï¼‰",
      "ä¸»æˆåˆ†åˆ†æ"
    ]
  },
  {
    "objectID": "PCA.html#å¯è§†åŒ–åˆ†æ",
    "href": "PCA.html#å¯è§†åŒ–åˆ†æ",
    "title": "",
    "section": "\n1.3 å¯è§†åŒ–åˆ†æ",
    "text": "1.3 å¯è§†åŒ–åˆ†æ\n\n1.3.1 åˆ¤æ–­ä¸»æˆåˆ†çš„ä¸ªæ•°\n\nCattellç¢çŸ³å›¾ å›¾å½¢å˜åŒ–æœ€å¤§å¤„ï¼Œå³æ‹è§’å¤„\nKaiser-Harriså‡†åˆ™ ç‰¹å¾å€¼å¤§äº1ï¼Œç›´çº¿y=1ä»¥ä¸Š\nå¹³è¡Œåˆ†æ åŸºäºçœŸå®æ•°æ®çš„ç‰¹å¾å€¼å¤§äºä¸€ç»„éšæœºæ•°æ®çŸ©é˜µç›¸åº”çš„ç‰¹å¾å€¼ï¼ˆè™šçº¿ï¼‰\n\n1.3.2 ç¢çŸ³å›¾\n\nCode# Create Scree Plot\nscreeplot(pca, type = \"lines\", main = \"Scree Plot\")\n\n\n\n\n\n\nCode\nlibrary(ggplot2)\nexplained_variance &lt;- pca$sdev^2 / sum(pca$sdev^2)\nexplained_variance_df &lt;- data.frame(\n  Principal_Component = paste0(\"PC\", 1:length(explained_variance)),\n  Explained_Variance = explained_variance\n)\n\nggplot(explained_variance_df, aes(x = Principal_Component, y = Explained_Variance)) +\n  geom_bar(stat = \"identity\", fill = \"skyblue\") +\n  geom_line(aes(group = 1), color = \"blue\") +\n  geom_point(color = \"red\") +\n  labs(title = \"Scree Plot\", x = \"Principal Component\", y = \"Explained Variance\") +\n  theme_minimal()\n\n\n\n\n\n\n\n\n1.3.2.1 å¹³è¡Œåˆ†æ\n\nCodefa_parallel &lt;- psych::fa.parallel(df_center, fa = \"pc\", n.iter = 100)\n\n\n\n\n\n\n#&gt; Parallel analysis suggests that the number of factors =  NA  and the number of components =  1\n\n\nCodesvd$v\n#&gt;            [,1]       [,2]       [,3]        [,4]\n#&gt; [1,] -0.5358995 -0.4181809  0.3412327  0.64922780\n#&gt; [2,] -0.5831836 -0.1879856  0.2681484 -0.74340748\n#&gt; [3,] -0.2781909  0.8728062  0.3780158  0.13387773\n#&gt; [4,] -0.5434321  0.1673186 -0.8177779  0.08902432\ntibble(x = 1:4, pc1 = svd$v[, 1]) %&gt;%\n    ggplot(aes(x, pc1)) +\n    geom_point() +\n    theme_classic() +\n    theme(panel.border = element_rect(\n        color = \"black\",\n        fill = NA,\n    ), # æ·»åŠ å››å‘¨æ¡†çº¿\n    )\n\n\n\n\n\n\nCode\nplot(svd$v[,1],ylab = \"1st PC\")\n\n\n\n\n\n\nCodeplot(svd$v[,1],svd$v[,2],xlab=\"lst PC\",ylab=\"2nd PC\")",
    "crumbs": [
      "é¢„æµ‹æ€§æ¨¡å‹",
      "æ— ç›‘ç£å­¦ä¹ ï¼ˆUnsupervised Learningï¼‰",
      "ä¸»æˆåˆ†åˆ†æ"
    ]
  },
  {
    "objectID": "PCA.html#tidy-ä¸»æˆåˆ†åˆ†æ",
    "href": "PCA.html#tidy-ä¸»æˆåˆ†åˆ†æ",
    "title": "",
    "section": "\n1.4 tidy ä¸»æˆåˆ†åˆ†æ",
    "text": "1.4 tidy ä¸»æˆåˆ†åˆ†æ\n\nCodelibrary(tidymodels)\n\n\n\nCodedf &lt;- as_tibble(USArrests, rownames = \"state\")\ndf\n#&gt; # A tibble: 50 Ã— 5\n#&gt;    state       Murder Assault UrbanPop  Rape\n#&gt;    &lt;chr&gt;        &lt;dbl&gt;   &lt;int&gt;    &lt;int&gt; &lt;dbl&gt;\n#&gt;  1 Alabama       13.2     236       58  21.2\n#&gt;  2 Alaska        10       263       48  44.5\n#&gt;  3 Arizona        8.1     294       80  31  \n#&gt;  4 Arkansas       8.8     190       50  19.5\n#&gt;  5 California     9       276       91  40.6\n#&gt;  6 Colorado       7.9     204       78  38.7\n#&gt;  7 Connecticut    3.3     110       77  11.1\n#&gt;  8 Delaware       5.9     238       72  15.8\n#&gt;  9 Florida       15.4     335       80  31.9\n#&gt; 10 Georgia       17.4     211       60  25.8\n#&gt; # â„¹ 40 more rows\n\ndf |&gt;\n  select(-state) |&gt;\n  map_dfr(mean)  #apply(.,2,mean)\n#&gt; # A tibble: 1 Ã— 4\n#&gt;   Murder Assault UrbanPop  Rape\n#&gt;    &lt;dbl&gt;   &lt;dbl&gt;    &lt;dbl&gt; &lt;dbl&gt;\n#&gt; 1   7.79    171.     65.5  21.2\n\n\n\nCodedf_pca &lt;- df |&gt;\n  select(-state) |&gt;\n  stats::prcomp(scale = TRUE)\n\n\nä¸»æˆåˆ†å¾—åˆ†ï¼Œè¡¨ç¤ºä¸»æˆåˆ†ä¸åŸæœ‰è§‚æµ‹çš„ç›¸å…³ç³»æ•°\n\nCodedf_pca$x\n#&gt;               PC1         PC2         PC3          PC4\n#&gt;  [1,] -0.97566045 -1.12200121  0.43980366  0.154696581\n#&gt;  [2,] -1.93053788 -1.06242692 -2.01950027 -0.434175454\n#&gt;  [3,] -1.74544285  0.73845954 -0.05423025 -0.826264240\n#&gt;  [4,]  0.13999894 -1.10854226 -0.11342217 -0.180973554\n#&gt;  [5,] -2.49861285  1.52742672 -0.59254100 -0.338559240\n#&gt;  [6,] -1.49934074  0.97762966 -1.08400162  0.001450164\n#&gt;  [7,]  1.34499236  1.07798362  0.63679250 -0.117278736\n#&gt;  [8,] -0.04722981  0.32208890  0.71141032 -0.873113315\n#&gt;  [9,] -2.98275967 -0.03883425  0.57103206 -0.095317042\n#&gt; [10,] -1.62280742 -1.26608838  0.33901818  1.065974459\n#&gt; [11,]  0.90348448  1.55467609 -0.05027151  0.893733198\n#&gt; [12,]  1.62331903 -0.20885253 -0.25719021 -0.494087852\n#&gt; [13,] -1.36505197  0.67498834  0.67068647 -0.120794916\n#&gt; [14,]  0.50038122  0.15003926 -0.22576277  0.420397595\n#&gt; [15,]  2.23099579  0.10300828 -0.16291036  0.017379470\n#&gt; [16,]  0.78887206  0.26744941 -0.02529648  0.204421034\n#&gt; [17,]  0.74331256 -0.94880748  0.02808429  0.663817237\n#&gt; [18,] -1.54909076 -0.86230011  0.77560598  0.450157791\n#&gt; [19,]  2.37274014 -0.37260865  0.06502225 -0.327138529\n#&gt; [20,] -1.74564663 -0.42335704  0.15566968 -0.553450589\n#&gt; [21,]  0.48128007  1.45967706  0.60337172 -0.177793902\n#&gt; [22,] -2.08725025  0.15383500 -0.38100046  0.101343128\n#&gt; [23,]  1.67566951  0.62590670 -0.15153200  0.066640316\n#&gt; [24,] -0.98647919 -2.36973712  0.73336290  0.213342049\n#&gt; [25,] -0.68978426  0.26070794 -0.37365033  0.223554811\n#&gt; [26,]  1.17353751 -0.53147851 -0.24440796  0.122498555\n#&gt; [27,]  1.25291625  0.19200440 -0.17380930  0.015733156\n#&gt; [28,] -2.84550542  0.76780502 -1.15168793  0.311354436\n#&gt; [29,]  2.35995585  0.01790055 -0.03648498 -0.032804291\n#&gt; [30,] -0.17974128  1.43493745  0.75677041  0.240936580\n#&gt; [31,] -1.96012351 -0.14141308 -0.18184598 -0.336121113\n#&gt; [32,] -1.66566662  0.81491072  0.63661186 -0.013348844\n#&gt; [33,] -1.11208808 -2.20561081  0.85489245 -0.944789648\n#&gt; [34,]  2.96215223 -0.59309738 -0.29824930 -0.251434626\n#&gt; [35,]  0.22369436  0.73477837  0.03082616  0.469152817\n#&gt; [36,]  0.30864928  0.28496113  0.01515592  0.010228476\n#&gt; [37,] -0.05852787  0.53596999 -0.93038718 -0.235390872\n#&gt; [38,]  0.87948680  0.56536050  0.39660218  0.355452378\n#&gt; [39,]  0.85509072  1.47698328  1.35617705 -0.607402746\n#&gt; [40,] -1.30744986 -1.91397297  0.29751723 -0.130145378\n#&gt; [41,]  1.96779669 -0.81506822 -0.38538073 -0.108470512\n#&gt; [42,] -0.98969377 -0.85160534 -0.18619262  0.646302674\n#&gt; [43,] -1.34151838  0.40833518  0.48712332  0.636731051\n#&gt; [44,]  0.54503180  1.45671524 -0.29077592 -0.081486749\n#&gt; [45,]  2.77325613 -1.38819435 -0.83280797 -0.143433697\n#&gt; [46,]  0.09536670 -0.19772785 -0.01159482  0.209246429\n#&gt; [47,]  0.21472339  0.96037394 -0.61859067 -0.218628161\n#&gt; [48,]  2.08739306 -1.41052627 -0.10372163  0.130583080\n#&gt; [49,]  2.05881199  0.60512507  0.13746933  0.182253407\n#&gt; [50,]  0.62310061 -0.31778662  0.23824049 -0.164976866\n\n# by default    df_pca$x\nbroom::tidy(df_pca, matrix = \"scores\") |&gt; \n    pivot_wider(id_cols = everything(),\n                names_from = PC,\n                names_prefix = \"PC\",\n               values_from = value)\n#&gt; # A tibble: 50 Ã— 5\n#&gt;      row     PC1     PC2     PC3      PC4\n#&gt;    &lt;int&gt;   &lt;dbl&gt;   &lt;dbl&gt;   &lt;dbl&gt;    &lt;dbl&gt;\n#&gt;  1     1 -0.976  -1.12    0.440   0.155  \n#&gt;  2     2 -1.93   -1.06   -2.02   -0.434  \n#&gt;  3     3 -1.75    0.738  -0.0542 -0.826  \n#&gt;  4     4  0.140  -1.11   -0.113  -0.181  \n#&gt;  5     5 -2.50    1.53   -0.593  -0.339  \n#&gt;  6     6 -1.50    0.978  -1.08    0.00145\n#&gt;  7     7  1.34    1.08    0.637  -0.117  \n#&gt;  8     8 -0.0472  0.322   0.711  -0.873  \n#&gt;  9     9 -2.98   -0.0388  0.571  -0.0953 \n#&gt; 10    10 -1.62   -1.27    0.339   1.07   \n#&gt; # â„¹ 40 more rows\n\n\nä¸»æˆåˆ†è·è½½ï¼ˆloadingï¼‰ï¼šè¡¨ç¤ºä¸»æˆåˆ†ä¸åŸæœ‰å˜é‡çš„ç›¸å…³ç³»æ•°\n\nCodedf_pca$rotation\n#&gt;                 PC1        PC2        PC3         PC4\n#&gt; Murder   -0.5358995 -0.4181809  0.3412327  0.64922780\n#&gt; Assault  -0.5831836 -0.1879856  0.2681484 -0.74340748\n#&gt; UrbanPop -0.2781909  0.8728062  0.3780158  0.13387773\n#&gt; Rape     -0.5434321  0.1673186 -0.8177779  0.08902432\n\n# df_pca$Rotation\ntidy(df_pca, matrix = \"loadings\") |&gt; \n    pivot_wider(\n        names_from = PC,\n        names_prefix = \"PC\",\n        values_from = value,\n    )\n#&gt; # A tibble: 4 Ã— 5\n#&gt;   column      PC1    PC2    PC3     PC4\n#&gt;   &lt;chr&gt;     &lt;dbl&gt;  &lt;dbl&gt;  &lt;dbl&gt;   &lt;dbl&gt;\n#&gt; 1 Murder   -0.536 -0.418  0.341  0.649 \n#&gt; 2 Assault  -0.583 -0.188  0.268 -0.743 \n#&gt; 3 UrbanPop -0.278  0.873  0.378  0.134 \n#&gt; 4 Rape     -0.543  0.167 -0.818  0.0890\n\n\nä¾‹å¦‚ï¼š\n\\[\nPC_1=-0.536Murrder-0.583Assault-0.278UrbanPop-0.543Rape\n\\]\n\nCode\ntidy(df_pca, matrix = \"loadings\") |&gt;\n  ggplot(aes(value, column)) +\n  facet_wrap(~ PC) +\n  geom_col() +\n  scale_x_continuous(labels = scales::percent)\n\n\n\n\n\n\n\nç‰¹å¾å€¼ eigenvaluesï¼Œé«˜ç»´æ¤­çƒçš„ä¸»è½´é•¿åº¦ï¼Œç›¸å…³çŸ©é˜µçš„ç‰¹å¾å€¼ã€‚\næ–¹å·®ç™¾åˆ†æ¯”è´¡çŒ®ã€‚\n\nCode# screen plot\ntidy(df_pca, matrix = \"eigenvalues\") |&gt;\n    ggplot(aes(PC, percent)) +\n    geom_point(color = \"red\") +\n    geom_line()+\n    scale_y_continuous(labels = scales::percent)",
    "crumbs": [
      "é¢„æµ‹æ€§æ¨¡å‹",
      "æ— ç›‘ç£å­¦ä¹ ï¼ˆUnsupervised Learningï¼‰",
      "ä¸»æˆåˆ†åˆ†æ"
    ]
  },
  {
    "objectID": "LDA.html",
    "href": "LDA.html",
    "title": "",
    "section": "",
